image: map_keepout.pgm
resolution: 0.020000
origin: [-5.0000, -5.0000, 0.000000]
negate: 0
occupied_thresh: 0.65
free_thresh: 0.196

